0 0.1609375 0.282421875 0.125 0.13671875
0 0.0515625 0.33515625 0.103125 0.1296875
0 0.94921875 0.40859375 0.0984375 0.1515625
0 0.631640625 0.0421875 0.08203125 0.084375
0 0.13359375 0.43671875 0.1078125 0.1515625
0 0.673828125 0.451953125 0.16328125 0.21640625
0 0.358984375 0.493359375 0.18046875 0.27421875
0 0.906640625 0.784375 0.14453125 0.125
0 0.75390625 0.78671875 0.0984375 0.1296875
0 0.145703125 0.884375 0.18515625 0.228125
0 0.79609375 0.916015625 0.1390625 0.16328125
0 0.18984375 0.138671875 0.1296875 0.18984375
0 0.3375 0.2390625 0.165625 0.196875
