0 0.05546875 0.0734375 0.1109375 0.146875
0 0.839453125 0.048046875 0.21640625 0.09609375
0 0.58125 0.05859375 0.125 0.1171875
0 0.74296875 0.117578125 0.1921875 0.15390625
0 0.60078125 0.275390625 0.1734375 0.18515625
0 0.29140625 0.40859375 0.1828125 0.2015625
0 0.59375 0.451953125 0.365625 0.22578125
0 0.978125 0.515234375 0.040625 0.26171875
0 0.3390625 0.637890625 0.259375 0.31953125
0 0.991796875 0.79609375 0.01171875 0.1734375
0 0.021484375 0.882421875 0.04296875 0.23046875
0 0.13828125 0.913671875 0.2765625 0.16796875
0 0.5875 0.9359375 0.15625 0.125
